time,x,y,z,phi,theta,psi,x_velocity,y_velocity,z_velocity,phi_velocity,theta_velocity,psi_velocity,rotor_speed1,rotor_speed2,rotor_speed3,rotor_speed4
0.06,-2.14378503143e-08,-1.18324052204e-08,10.0072896741,6.28280929914,2.23843386742e-05,0.0,-2.1059102096e-06,-1.79611080006e-05,0.242968398244,-0.023340775238,0.00110903688105,0.0,479.4678596517721,479.55208564465124,481.6248678638524,479.85669020098857
0.12000000000000001,-1.56494327431e-06,-1.83082963252e-05,10.0320482478,6.2817269476,0.000398329594758,0.0,-8.19466102536e-05,-0.000760155070136,0.582206897742,-0.00912152600134,0.0149769908312,0.0,506.98379492634746,507.9789744980488,506.53500389665805,507.55644778812234
0.18,-1.66859227263e-05,-9.19438147295e-05,10.0674612419,6.28146383039,0.00123060878803,0.0,-0.000499687365843,-0.00172941416303,0.59821774452,0.00371453118634,0.0115629285623,0.0,410.0233802590239,409.71991022431996,409.0509048887544,410.1922915321481
0.23999999999999996,-7.507472652e-05,-0.000230680156395,10.1066361197,6.28189694399,0.00184819788011,0.0,-0.00151444587145,-0.00286030331762,0.707549642055,0.0134387991331,0.00762432564685,0.0,439.73454589941684,439.4080844905769,440.5052697487523,441.30844907984624
0.3,-0.000208364040951,-0.000427341038395,10.1533727032,6.28263422752,0.00231976686549,0.0,-0.00297866925398,-0.00361123090019,0.850240764808,0.0098811419613,0.00832570935751,0.0,450.67265607448456,450.7292190764286,450.9933629657132,450.7058362954634
0.36000000000000004,-0.000434313214606,-0.000652298959904,10.2061963946,6.28271070871,0.00309097527958,0.0,-0.00461514540858,-0.00384384963478,0.910502396824,-0.0277228124349,0.0206442687963,0.0,424.54992809290985,425.6053237163302,426.24200762483366,423.01657972541307
0.4200000000000001,-0.000793605860038,-0.000902351163897,10.2678748556,6.28092042292,0.00382077291164,0.0,-0.00749424501571,-0.00470117734351,1.14524023247,-0.0344444023366,-0.0159720036818,0.0,480.4686459076627,477.68483766125144,478.37229538099734,477.86003707615373
0.48000000000000015,-0.00131738519339,-0.00123843692033,10.3392993613,6.27864612171,0.00259950869761,0.0,-0.00985704092308,-0.00671858239983,1.23548284829,-0.0459221668146,-0.0310003282069,0.0,435.65174729869256,434.39346121589335,435.69830409613877,434.73698878154914
0.5400000000000001,-0.00195831688196,-0.00175146634818,10.4175910386,6.27613474819,0.00100751786076,0.0,-0.0113224221816,-0.0106641322568,1.37408206549,-0.0347639892187,-0.018833645544,0.0,450.05380457432534,451.0372143380458,450.0088536378516,450.9101234344388
0.6000000000000002,-0.00265083838277,-0.00251479335049,10.4989713401,6.27383790154,6.28284744162,0.0,-0.0116612080144,-0.0149590775493,1.33863573968,-0.0464504392739,-0.030792775904,0.0,394.290038928735,393.18360586775304,393.8952682739693,392.8121711091702
0.6600000000000003,-0.00333525958814,-0.00363778961731,10.5844798464,6.27091635933,6.28124349088,0.0,-0.0109595304439,-0.0227934238232,1.51143183386,-0.0536006556683,-0.019648104533,0.0,460.88357778015103,461.7633378150942,461.3346189774003,460.7683677791679
0.7200000000000003,-0.00395039551169,-0.00525789228342,10.6771275372,6.26746799362,6.2799629916,0.0,-0.00942630325884,-0.0315302549054,1.57673180177,-0.0666274038319,-0.0249638751551,0.0,428.2120304741641,427.7596077099164,428.66966736607105,427.5588778719731
0.7800000000000004,-0.0044339220183,-0.00753585326073,10.7776055643,6.26287641355,6.27872110587,0.0,-0.00653445281536,-0.0448678521864,1.7722445798,-0.120365357244,-0.0133008083225,0.0,468.97080831404776,469.8757933793937,469.9551021427918,465.76583054322293
0.8400000000000004,-0.00470788314822,-0.0107871365087,10.8921149534,6.25525489681,6.2785632001,0.0,-0.00254599965866,-0.0644375469802,2.04426734311,-0.145658718528,0.0129601998785,0.0,490.33101171984146,492.27797645006854,492.51068266330617,490.62302588553194
0.9000000000000005,-0.0047657784901,-0.0152790263225,11.018288741,6.24675113177,6.27934261132,0.0,0.000533812889502,-0.0861857377654,2.16128302976,-0.134852412389,0.0130500926283,0.0,446.5502634636447,446.5574764437009,445.82664331802835,446.6899668290969
0.9600000000000005,-0.00467082962277,-0.0210949107152,11.1472995218,6.2388119378,6.27979950762,0.0,0.00257659229448,-0.108350878293,2.13909030402,-0.127687862746,-0.00641225937854,0.0,402.9002777374418,401.1367890851195,400.05194667784633,400.68552067880745
1.0200000000000005,-0.00445153914987,-0.0284526570143,11.2766947591,6.23166773836,6.27899686901,0.0,0.00478215080479,-0.137584279981,2.17398364285,-0.105829990262,-0.0333564696758,0.0,422.3130674842968,419.98266889049864,418.9712139429239,420.85323538038296
1.0800000000000005,-0.00407006419424,-0.0377989834901,11.4101658037,6.22530407782,6.27678057349,0.0,0.00814719209283,-0.174598646568,2.27481594108,-0.106526695301,-0.0452858383478,0.0,442.26559893693724,441.2813189893121,442.39691980236057,442.32964200723234
1.1400000000000006,-0.00341517220301,-0.0496932140858,11.5529804932,6.21853442766,6.27386861712,0.0,0.0140119224531,-0.222623002699,2.48518560191,-0.130010365049,-0.055976074831,0.0,476.3771732331843,475.55775399709444,476.6621717597313,474.85344468233166
1.2000000000000006,-0.0023331342353,-0.0646564989506,11.7086922335,6.21066825806,6.27075092027,0.0,0.0224380740223,-0.277057226014,2.70463692224,-0.133379961536,-0.0449487504873,0.0,478.90267016738403,479.73911620367284,479.8779445526811,479.6077022294734
1.2600000000000007,-0.00070823695481,-0.0828737860088,11.874807327,6.20237868825,6.26821851571,0.0,0.0319985663445,-0.331023900658,2.83214562808,-0.150010723828,-0.0372217439318,0.0,453.21051498562224,453.83019906748535,453.4890680482387,452.1336674987268
1.3200000000000007,0.00153205495948,-0.104454822167,12.0478810195,6.19374199805,6.26652703155,0.0,0.042871249055,-0.389224694868,2.93662108659,-0.133970060584,-0.0144533223224,0.0,446.54561850131563,448.3987919338201,445.5672345794161,446.8572374398269
1.3800000000000008,0.00435447732329,-0.129162911002,12.2212678457,6.18561914612,6.26632080047,0.0,0.0512483557679,-0.434993067449,2.84310816897,-0.138359763855,0.0125286968635,0.0,378.99212214806636,381.57680732894846,381.21913120221876,380.7791341693629
1.4400000000000008,0.0078307838471,-0.157637759905,12.3980764563,6.17744971321,6.26668282717,0.0,0.0645473789471,-0.515085291858,3.04986275216,-0.1320849081,-0.011950470672,0.0,478.402515809506,476.53493355469004,478.8540106923518,479.31541035732135
1.5000000000000009,0.0120123900875,-0.190530364545,12.5818653755,6.16904941372,6.2660157259,0.0,0.0749012249391,-0.582063072997,3.07625775988,-0.164664868908,-0.00950401362671,0.0,423.2330129995381,423.443644564272,425.1694332521781,422.34851330435976
1.560000000000001,0.0168600401752,-0.227825505552,12.7691214514,6.15925196609,6.26562347104,0.0,0.0867302835742,-0.662066701619,3.16521824487,-0.160678683945,-0.0011817068372,0.0,443.83597106772635,444.51859467309174,444.1222659141305,444.42367051479675
1.620000000000001,0.0224356223678,-0.270204262789,12.962357214,6.14945084386,6.26532145715,0.0,0.0991340995104,-0.751524137421,3.27549342285,-0.169312006498,-0.0141361481408,0.0,451.87536909686577,450.8299294151167,452.53741978250093,451.816912259476
1.680000000000001,0.0287598295966,-0.318121921039,13.1619103612,6.13902457061,6.26411161314,0.0,0.111768226194,-0.846738028823,3.37578998466,-0.184630076724,-0.0363191758821,0.0,451.10038883049987,449.3054244330252,449.80973877950584,448.5385092537545
1.740000000000001,0.0357912900778,-0.371365349695,13.3633280542,6.12821795933,6.26193510643,0.0,0.122794671238,-0.928950683534,3.33805785598,-0.17234133581,-0.0361871493776,0.0,404.74632530671613,404.75747288681373,405.1877954756431,406.2562512841245
1.8000000000000012,0.043602439865,-0.430309237385,13.5661822452,6.11778365795,6.25970108366,0.0,0.137792379748,-1.03683987284,3.42325752482,-0.177226522269,-0.039413046075,0.0,446.0544847464001,445.7903091880015,446.7704222658333,446.3429570180808
1.8600000000000012,0.0523371947307,-0.495783643562,13.7731856788,6.10672238114,6.25754764219,0.0,0.153577327648,-1.14663564234,3.47643824215,-0.205018114103,-0.0296429404123,0.0,436.96075189208227,437.7738919296079,437.92352714771044,435.57095977531816
1.9200000000000013,0.0622390072373,-0.56929738823,13.9901521341,6.09450766636,6.25570052277,0.0,0.176692852941,-1.30522601524,3.75448671161,-0.200849115788,-0.0331735624104,0.0,506.36999965868716,506.11575231995937,505.0257269910248,505.2911326081371
1.9800000000000013,0.0734853899113,-0.652018396934,14.2204948506,6.08242712489,6.25379756454,0.0,0.198388700758,-1.45337219679,3.92263735441,-0.202345814861,-0.0289499651773,0.0,476.6193348857484,476.94175326400665,476.1421337256146,475.99082680754776
2.0400000000000014,0.0859102993984,-0.742777786154,14.4553892947,6.07022479811,6.2519948315,0.0,0.215926083998,-1.57297762132,3.90689086273,-0.205504204203,-0.0323316150976,0.0,420.77696214812164,420.4837359036234,419.4070971863383,419.08933123866865
2.1000000000000014,0.0995473250537,-0.84179072704,14.6932416313,6.05772466889,6.2497875741,0.0,0.238841871589,-1.72864196877,4.02066657617,-0.214690472919,-0.0476535576156,0.0,463.01809427950207,461.8103929876319,463.2330404362105,462.46910112222236
2.1600000000000015,0.114614151776,-0.950436864922,14.9379600318,6.04461330332,6.24674876647,0.0,0.263679194538,-1.89413071776,4.13567890603,-0.227549326505,-0.0574269234237,0.0,464.7053885786498,463.93705005458054,465.9099854874386,464.85831482726695
2.2200000000000015,0.131311771951,-1.06976626592,15.1914197235,6.03107577087,6.24374685444,0.0,0.293246303536,-2.08485906329,4.31168344115,-0.22203811826,-0.0382961731737,0.0,485.1561128735452,486.5890569636787,484.6247610098105,484.99297099085345
2.2800000000000016,0.149794506661,-1.20050339449,15.454009882,6.01758885454,6.2413909398,0.0,0.323068621171,-2.27430038531,4.44017414528,-0.230914924072,-0.0412769243779,0.0,473.8008985632481,473.5709838188559,474.01130363359135,473.2817268951916
2.3400000000000016,0.169968760255,-1.34195934969,15.7207837816,6.003586386,6.23861066888,0.0,0.349632953324,-2.44208681538,4.45162491106,-0.238801413804,-0.0591042328483,0.0,439.6742773569372,438.1932024168242,439.2157599886986,438.50597371289854
2.4000000000000017,0.191939888146,-1.49464977686,15.9912958939,5.98933025989,6.2347850378,0.0,0.383097346719,-2.64888739747,4.56420006834,-0.235309783638,-0.0752367750957,0.0,472.7797199406879,471.5321430454199,473.29642359604406,473.51256713726934
2.4600000000000017,0.216027068627,-1.66017467565,16.2688608725,5.97576189257,6.22998936205,0.0,0.420273601085,-2.8698334145,4.68659631536,-0.212257074409,-0.0915104317972,0.0,478.2861000700951,477.04013469918715,478.3590987682721,480.0642658483132
2.520000000000002,0.242250323698,-1.8380950094,16.5500628777,5.96285285331,6.22465104463,0.0,0.454310459748,-3.06189786512,4.68604428832,-0.221663721187,-0.0843282349545,0.0,441.31229903841404,441.89815785232383,442.8245432898946,442.003845838623
2.580000000000002,0.270777618788,-2.02865247587,16.8337589026,5.94984420983,6.21944171172,0.0,0.497088084441,-3.29111355705,4.76919836319,-0.20855321073,-0.0923416774836,0.0,470.85726633625666,470.23101307261925,470.7508795071545,471.7207397436182
2.640000000000002,0.302111570493,-2.2338788917,17.1241939999,5.93675574218,6.21357561798,0.0,0.54794830305,-3.55079156426,4.91028040037,-0.256080154036,-0.111750378622,0.0,492.5819286265849,491.1369331652105,492.9667970117917,489.3967320764012
2.700000000000002,0.336502021217,-2.45433747815,17.4211622867,5.92148445329,6.20668520947,0.0,0.59904465053,-3.79905938996,4.98711187705,-0.251579462494,-0.121866145668,0.0,476.4734153938694,475.6884089814149,474.46672172041167,474.75164044696265
2.760000000000002,0.373614906965,-2.68775681653,17.7167097031,5.90652047622,6.19961572724,0.0,0.63859128386,-3.98272406435,4.86407317766,-0.245370084752,-0.110774217307,0.0,410.6731800288367,411.64232219870564,410.47885186506153,410.96168017712074
2.820000000000002,0.41356020569,-2.93396611069,18.0086580204,5.89171366379,6.19291406276,0.0,0.693492334687,-4.22537222813,4.866295612,-0.249754482202,-0.113599616074,0.0,456.16375486559554,455.92731223117295,455.7255494586032,455.31547971451863
2.880000000000002,0.456949193658,-3.1951000775,18.3008197177,5.87636115021,6.18626536775,0.0,0.753380114828,-4.4802137798,4.87105632179,-0.272331152655,-0.105753243471,0.0,459.1573621538911,459.76909237119605,460.444494802702,458.5902264165501
2.940000000000002,0.504029907423,-3.47170234796,18.5928571564,5.85953947605,6.17999199664,0.0,0.816493769944,-4.74105693311,4.86207744881,-0.305579674444,-0.102265392925,0.0,457.54107438434204,457.8095388773391,459.8853773007452,457.1646192814004
3.000000000000002,0.555066669004,-3.76447603727,18.8846473315,5.84118598361,6.17482959172,0.0,0.885165151443,-5.01936415337,4.86254308982,-0.306521003162,-0.0651108043127,0.0,462.58571813936993,465.4964745002161,465.4957499358389,465.3312605719802
3.0600000000000023,0.610474315226,-4.07490964805,19.1775836939,5.82270061027,6.17135245705,0.0,0.961991344729,-5.32968058584,4.89989260058,-0.311417825746,-0.0465204305784,0.0,480.4563523521604,481.8619050938923,480.77188775589497,480.3115397598519
3.1200000000000023,0.669932123447,-4.40184095803,19.4675866377,5.80441783194,6.16841446175,0.0,1.02012076275,-5.56928386905,4.76589137988,-0.293893323648,-0.0543706299781,0.0,425.7411843817636,425.0671752091255,425.9665934314101,427.3636741782431
3.1800000000000024,0.733138840925,-4.74428374871,19.7510447235,5.78689915201,6.16544228423,0.0,1.08695308796,-5.84662337961,4.68128462254,-0.288407343695,-0.0412953746173,0.0,446.64452525577303,447.70834175427797,445.83184007495026,446.19365909606137
3.2400000000000024,0.800545913432,-5.10423447235,20.0303063769,5.76986774229,6.16301793681,0.0,1.16005308915,-6.15279225306,4.62568916955,-0.276048721351,-0.0386839148749,0.0,460.3307516787767,460.536625764479,459.89808792987134,460.7973696526582
3.3000000000000025,0.872558726317,-5.48357866027,20.3073155542,5.75412505322,6.16028747678,0.0,1.24045050627,-6.49290351368,4.60584687252,-0.24376903423,-0.0648589301802,0.0,477.180890572589,475.17680359550326,476.4927425623444,478.88923711192825
3.3600000000000025,0.949140117203,-5.88235005637,20.5807617981,5.73957751578,6.15658756828,0.0,1.31247890528,-6.80032807982,4.5074681826,-0.239964663697,-0.0559427652322,0.0,454.63077895355786,455.3421652373272,453.1209640338592,453.36926546849946
3.4200000000000026,1.0297626085,-6.29843449774,20.8458455636,5.72560243194,6.15286322399,0.0,1.3751473607,-7.0701006307,4.32764281744,-0.221645770259,-0.0786038908418,0.0,429.2531175997647,427.32197735615773,425.7422167919124,427.2503021395989
3.4800000000000026,1.11433083368,-6.73144250025,21.100810122,5.71261138337,6.14841496421,0.0,1.4440699763,-7.36432106788,4.16991205931,-0.207861277157,-0.0664423720668,0.0,437.5627130041517,438.5698596043219,438.6490833099666,439.74552559628245
3.5400000000000027,1.20373353526,-7.18484112123,21.3500451595,5.70003020343,6.14428522596,0.0,1.53619750356,-7.74941273335,4.13558208659,-0.21360453147,-0.0740864783272,0.0,488.1007975902302,487.52668864204,486.2243735340746,485.7545678562922
3.6000000000000028,1.29901919835,-7.66268449595,21.5986277151,5.68742602208,6.1403577888,0.0,1.64013093697,-8.17893891488,4.14758602017,-0.203810885277,-0.0521984665511,0.0,507.7541251364967,509.3196541580597,507.75831967865315,508.4231430159937
3.660000000000003,1.399826478,-8.16349047468,21.843155477,5.67584433455,6.13754572281,0.0,1.72020825752,-8.5152020663,4.0016582653,-0.177333665871,-0.0379106615518,0.0,458.8598141398822,459.9917484416572,457.44318678256025,459.51166089579203
3.720000000000003,1.50540119266,-8.68439038194,22.0783035995,5.66466464177,6.13482111089,0.0,1.7990064361,-8.84873354506,3.83504803949,-0.218170785108,-0.0678946219359,0.0,457.0430422064129,454.64477519216473,456.4510984454487,453.14440984053897
3.780000000000003,1.61568593997,-9.2252805734,22.3029160596,5.65269485136,6.13019162642,0.0,1.87733742658,-9.18159059884,3.65034387912,-0.17659820735,-0.11154243406,0.0,454.1309667103573,450.60946006636124,451.3578073619544,454.66163326811125
3.840000000000003,1.73054074925,-9.78557561182,22.5151643474,5.64246000512,6.12392542793,0.0,1.9515250608,-9.49561939316,3.42323882257,-0.160674244023,-0.0930769378755,0.0,440.24916273412975,441.76514657066014,438.9576635872286,440.2491453553532
3.900000000000003,1.84944931013,-10.3631270882,22.7112013553,5.63284080966,6.11807337024,0.0,2.01243846885,-9.75714104215,3.11063293296,-0.159621462924,-0.108396779454,0.0,408.59279128568613,407.21487437864016,408.3741375536768,408.44116964831386
3.960000000000003,1.97298531813,-10.9598354066,22.89259584,5.62316703538,6.11201974994,0.0,2.10573296478,-10.1335420608,2.93380098298,-0.164652189164,-0.0890251274913,0.0,464.7520954211825,466.2599875885476,467.0957966681589,466.67978522731784
4.020000000000002,2.10140979891,-11.5765145405,23.0594990298,5.61315030483,6.10646648316,0.0,2.17537998873,-10.4233938831,2.62855737875,-0.171971782479,-0.100753617937,0.0,420.1722757833353,419.1459435994787,419.14391986236484,418.47844589224655
4.080000000000001,2.23404244542,-12.2106664674,23.2077163182,5.60291736675,6.10039077219,0.0,2.24603217685,-10.7159891385,2.31085126989,-0.167848927114,-0.102297333776,0.0,417.49191508059516,417.34754730218253,416.7514275263319,417.08178670460745
4.14,2.37194297365,-12.8658405044,23.3406502889,5.59280242783,6.09458181497,0.0,2.35086119333,-11.1234763437,2.11780488603,-0.170088800468,-0.0876488734514,0.0,472.0235431034624,473.1455353561555,472.44537211603847,472.24720320587346
4.199999999999998,2.5161186448,-13.5453649829,23.4612943544,5.58236349156,6.08951363635,0.0,2.45512098367,-11.5277240114,1.90118508022,-0.183185927207,-0.0787717723364,0.0,469.3378123649408,470.02108889621974,470.48827182531664,469.4452635217114
4.259999999999997,2.66619648872,-14.2479965065,23.5669824848,5.57113977137,6.08516662716,0.0,2.54758077145,-11.8939825871,1.61961258221,-0.196215098999,-0.0621229737618,0.0,449.95008099839436,451.2923668297358,450.30259843361694,449.2131871813491
4.319999999999996,2.82271639999,-14.9755963877,23.658632866,5.55995529805,6.08122477729,0.0,2.66962887821,-12.3593978595,1.43207908279,-0.17179050119,-0.0740226959898,0.0,493.86087860925346,492.97928372421757,494.1661083007783,495.9335317362102
4.379999999999995,2.98580153914,-15.7287523125,23.7356784085,5.54976970787,6.07635475761,0.0,2.76661471241,-12.7464028738,1.13371634451,-0.165984880176,-0.101936896151,0.0,459.86750683614173,457.6446011142419,457.6498234302685,458.08517818980033
4.439999999999993,3.15422121574,-16.5036400725,23.7925504126,5.53945462193,6.07049796505,0.0,2.84760517403,-13.0841824344,0.760122478408,-0.187689123623,-0.0901330781826,0.0,431.9320699548766,432.91833797461834,433.6229720384702,431.7651500457911
4.499999999999992,3.32645367956,-17.2955914218,23.8229238109,5.52840703857,6.06483489034,0.0,2.89382329419,-13.3159577847,0.251471189459,-0.17782245939,-0.104632021371,0.0,374.0759872697306,372.65103938479126,372.243293401538,373.16803679949504
4.559999999999991,3.50283801815,-18.1058323815,23.8268544531,5.51769476187,6.05922520579,0.0,2.98579932069,-13.6929100259,-0.122935941993,-0.180006480683,-0.0774095149156,0.0,441.2165715283236,443.45152367089304,441.59747882205494,441.38619635724456
4.6199999999999894,3.68482572022,-18.9390560998,23.8080092795,5.50709133489,6.05454333527,0.0,3.08049596517,-14.0820485485,-0.507905309976,-0.170863989708,-0.0793036327253,0.0,445.61023498589014,445.4504707610804,443.95565033054334,444.6753349769359
4.679999999999988,3.87250837136,-19.7958175353,23.7655352315,5.49652041012,6.04970745649,0.0,3.17562704502,-14.4775470483,-0.910683646933,-0.189781889909,-0.0833193827154,0.0,445.3034845692251,444.969483988103,445.99222435820997,444.41339505028026
4.739999999999987,4.06522300986,-20.6744612045,23.6963020335,5.48579201831,6.0442751383,0.0,3.24834895126,-14.8119487146,-1.39937983126,-0.162903534921,-0.111653243588,0.0,414.4296108707048,411.9222645719802,412.10955530889225,414.4455170767215
4.799999999999986,4.26380184534,-21.5777388349,23.6014423393,5.47580418505,6.03754399421,0.0,3.37093998938,-15.2976793318,-1.76649988462,-0.17474141418,-0.113271568744,0.0,477.65856798109036,477.5248717411005,478.41360138392395,477.48650985891925
4.859999999999984,4.46880353855,-22.507569015,23.4812094864,5.46492784,6.03038717295,0.0,3.46257049467,-15.6977319452,-2.24445051251,-0.199359611749,-0.135343021308,0.0,439.9182265343691,438.07250839242965,440.05233017754824,437.97571955171486
4.919999999999983,4.67846851522,-23.4591921158,23.3293727948,5.45302455414,6.02221687757,0.0,3.52652001311,-16.0246470677,-2.81945472835,-0.196515664503,-0.137880472175,0.0,401.6184844806266,401.36881911875173,400.3016526099204,400.51726905959447
4.979999999999982,4.89409239697,-24.4364592319,23.1476637814,5.44087108377,6.01408286686,0.0,3.66084336521,-16.5510378601,-3.24244363502,-0.21872843064,-0.131304796144,0.0,485.21744460314636,485.69577951087587,485.79733966690077,484.09102702786515
5.0399999999999805,5.11783267976,-25.4455569734,22.9397584767,5.42782553368,6.00617063307,0.0,3.79694458048,-17.0855280797,-3.69305118608,-0.214944601664,-0.133025536296,0.0,487.9743340498859,487.831528897864,488.52184644160064,488.76198817749037
